100
34.8 53.6 10.6
25.9 52.7 11.5
24.6 92.9 7.1
47.4 73.2 14.0
28.0 69.1 13.9
45.7 65.1 14.2
34.3 57.6 6.1
33.3 82.8 8.6
41.2 72.0 13.9
9.3 63.8 13.7
28.4 67.0 14.7
2.0 57.6 12.7
33.9 63.4 7.4
30.3 86.8 14.4
5.0 59.7 5.4
1.4 64.2 14.8
26.6 65.3 6.2
26.9 64.7 12.4
32.8 73.8 13.5
7.3 88.2 10.9
44.7 81.2 5.4
49.1 55.6 12.9
8.8 69.7 6.7
17.3 70.3 11.5
31.9 51.5 12.7
18.9 94.0 9.5
35.6 92.2 12.1
43.9 95.7 6.8
41.3 72.6 11.7
37.3 89.6 14.4
42.0 50.6 11.5
24.2 84.7 10.7
42.5 70.7 11.0
37.5 84.7 11.5
47.0 71.7 13.2
36.7 59.3 10.4
3.5 98.5 9.9
39.7 59.9 13.1
39.0 56.5 12.6
45.1 82.6 10.7
35.4 95.4 6.0
36.8 95.1 10.8
18.6 93.4 6.8
8.4 95.5 11.1
9.2 81.1 13.0
15.6 74.6 12.2
30.4 59.3 8.7
27.0 98.7 5.3
31.6 71.3 14.8
43.8 96.2 13.5
29.2 62.7 14.3
14.9 53.3 9.6
40.6 86.0 14.4
25.9 69.5 9.6
6.9 57.4 8.6
16.6 99.7 10.4
5.9 90.0 13.1
10.5 65.7 12.9
26.7 83.7 14.4
10.9 65.5 7.9
46.7 84.8 9.8
0.3 54.2 10.1
39.1 64.9 8.1
17.1 64.3 5.9
1.6 92.6 13.3
47.4 86.9 10.3
26.9 64.3 9.6
48.1 56.0 14.2
11.6 50.0 10.9
36.6 65.8 13.3
4.3 83.0 6.8
26.1 68.7 14.5
2.9 54.7 13.3
37.7 55.6 10.6
17.1 52.6 14.5
3.3 54.5 15.0
29.5 80.2 10.0
30.8 77.3 8.4
18.5 52.1 7.3
5.3 78.8 6.3
12.4 52.7 6.6
33.9 92.0 5.5
17.7 54.9 5.3
38.6 65.7 12.5
35.6 56.8 5.7
38.9 63.8 14.8
26.1 84.7 14.8
30.6 98.1 10.1
35.4 61.2 14.4
34.3 59.3 12.0
48.6 84.6 10.0
42.7 96.2 9.4
43.5 82.8 10.2
19.6 73.4 9.1
44.1 80.6 8.9
24.6 72.5 10.5
20.3 81.4 7.8
41.8 88.5 7.6
2.7 92.4 10.4
3.0 86.9 8.8
