1000
35.0 95.6 14.2
27.5 74.8 7.5
17.1 58.9 8.2
16.0 66.4 14.4
41.4 76.5 7.1
39.4 92.8 12.9
18.1 84.5 10.6
42.0 70.2 12.8
9.6 78.3 9.0
13.4 71.2 10.3
15.8 84.6 12.2
29.3 69.2 10.6
28.0 89.7 9.3
43.6 98.9 9.4
46.9 79.5 7.9
22.7 98.3 10.6
23.0 98.5 10.3
46.4 97.8 8.7
33.6 79.2 10.5
24.8 91.7 11.7
46.1 73.0 12.0
33.0 77.6 11.6
8.6 53.9 11.8
20.0 81.4 8.5
44.9 94.9 6.1
41.8 55.2 13.7
30.6 80.5 9.2
27.5 57.1 14.3
39.0 73.0 11.5
0.3 88.9 10.6
27.7 56.2 10.2
12.7 98.7 10.1
1.8 92.6 8.5
7.3 99.7 14.4
28.9 97.4 8.1
13.6 67.7 8.9
20.3 80.7 13.5
3.3 79.2 7.1
20.5 65.2 9.3
9.8 68.2 7.2
31.2 90.0 12.1
21.1 56.6 9.6
37.0 85.3 5.4
40.2 63.5 14.6
7.2 84.2 12.0
33.7 73.6 5.4
23.7 55.1 13.6
47.6 58.8 12.2
42.4 76.2 13.3
41.8 90.8 5.6
31.2 52.9 13.6
7.2 87.5 10.0
8.6 51.7 8.8
18.1 74.1 5.5
28.0 94.2 8.3
16.0 59.1 6.8
33.3 80.4 10.4
0.1 83.3 10.4
42.5 50.4 6.3
49.9 58.0 9.6
20.5 96.5 5.2
49.8 64.0 9.4
19.0 72.6 11.1
17.2 51.9 7.5
14.1 51.9 6.4
20.8 63.1 14.4
0.6 88.5 7.1
13.0 96.1 7.6
27.4 72.5 14.2
1.8 68.8 5.3
23.4 62.8 6.9
5.3 95.6 6.7
36.2 71.8 11.0
26.7 96.8 6.6
33.4 89.7 9.1
6.0 59.9 7.3
10.0 51.7 14.5
21.0 72.9 7.0
12.4 60.3 12.6
7.5 61.4 10.6
28.6 95.6 5.8
23.6 83.4 7.9
23.2 69.4 5.6
39.5 85.0 6.5
9.0 82.4 14.9
4.2 93.3 10.5
10.6 56.9 14.2
25.6 76.8 12.5
39.3 77.4 9.4
16.3 55.4 10.2
18.9 99.3 12.3
43.4 81.2 10.1
44.9 78.8 11.0
4.5 58.5 5.7
11.6 93.7 13.9
20.0 75.2 13.6
33.8 74.9 14.4
6.5 87.2 11.8
4.7 51.8 11.0
15.4 85.6 7.6
45.0 92.0 12.7
19.5 94.7 5.1
49.4 96.3 9.6
24.3 52.3 8.9
49.6 86.5 5.4
20.8 58.2 9.0
24.8 75.5 14.0
1.6 71.1 8.4
25.5 62.5 12.3
11.0 67.9 9.1
26.7 91.0 14.9
40.5 78.4 9.9
7.0 68.3 8.5
21.6 73.0 14.3
14.3 52.0 9.8
8.0 62.9 11.6
30.5 52.7 5.3
4.9 81.5 6.3
48.8 52.3 11.0
17.3 66.5 13.9
26.0 83.7 11.8
47.3 88.5 10.3
36.9 84.0 10.7
43.1 59.1 14.0
27.3 62.4 11.0
23.7 81.5 11.4
14.0 81.8 8.8
7.4 97.9 8.3
49.5 83.5 7.0
35.6 95.5 10.0
28.1 64.7 11.0
42.2 59.4 12.6
7.3 74.5 5.1
49.2 66.7 8.3
10.6 67.5 13.8
7.8 52.3 12.6
22.7 67.3 13.0
26.7 58.2 14.0
45.1 78.4 6.3
22.3 99.0 14.3
44.5 81.7 13.7
16.9 56.0 10.6
19.6 75.9 10.7
30.6 95.9 6.0
29.4 76.4 9.7
48.5 59.2 13.0
23.2 82.1 5.1
19.1 88.9 12.0
8.1 95.5 7.8
41.8 61.8 6.5
23.8 73.7 10.1
5.0 74.5 10.8
33.2 67.8 14.0
32.7 50.9 7.1
37.3 68.9 10.4
4.4 62.8 6.0
34.0 85.5 9.7
24.8 68.9 12.5
23.5 82.0 6.2
10.6 63.4 13.1
26.3 69.7 6.4
12.3 62.9 11.4
21.4 62.3 13.2
35.1 79.9 12.5
50.0 50.5 10.8
41.2 70.8 10.7
7.9 61.1 6.4
42.5 73.8 8.7
33.7 67.5 9.1
0.4 66.1 7.3
42.6 91.6 7.4
33.7 84.2 8.2
9.1 70.2 9.8
10.0 61.5 14.5
33.1 76.5 10.5
6.7 64.4 6.0
24.2 72.0 5.4
49.9 92.8 10.7
32.7 98.6 5.4
49.9 69.8 11.2
28.2 89.2 12.8
44.1 83.6 9.1
6.4 96.9 13.4
47.7 60.6 14.7
27.2 68.3 10.4
45.0 62.7 6.2
25.3 76.4 5.4
3.0 52.7 7.3
33.2 81.5 14.7
32.7 83.1 9.1
26.7 72.3 6.9
6.3 79.2 11.1
5.9 96.0 12.5
23.6 66.3 7.5
49.4 87.7 9.6
6.1 98.4 14.0
10.1 95.9 11.6
3.8 69.9 12.1
31.2 94.3 14.2
10.0 58.9 9.3
37.0 61.0 7.0
30.8 52.8 14.0
29.1 66.4 14.2
21.7 56.7 9.7
13.3 83.8 14.4
19.1 84.9 8.0
48.1 87.4 5.3
43.2 98.3 8.8
46.4 77.8 9.6
4.1 76.1 13.6
39.7 98.6 10.2
47.5 51.6 9.1
28.7 57.3 13.7
49.1 73.0 5.8
6.0 80.9 13.2
49.9 99.3 8.6
0.8 94.0 13.2
39.6 95.5 12.2
20.1 86.4 5.1
34.9 78.2 5.9
44.4 78.8 6.3
30.3 63.1 5.4
49.2 63.6 11.7
16.6 66.6 7.0
6.6 95.2 13.4
39.2 83.7 9.0
41.2 91.7 7.0
37.7 55.4 10.5
26.5 82.0 12.4
3.1 53.4 6.2
9.8 67.6 14.7
37.5 63.8 8.1
13.9 91.8 7.7
39.7 90.6 8.2
30.9 61.8 8.7
42.3 85.5 14.7
2.5 74.0 14.3
31.0 53.4 12.2
34.8 85.5 6.2
9.8 76.2 14.8
27.4 86.7 14.1
22.3 63.2 6.7
5.1 86.8 14.0
29.4 69.2 12.3
49.2 68.7 6.8
1.7 82.6 12.6
21.2 67.3 12.0
11.3 78.8 6.9
23.4 74.2 12.2
4.5 72.3 8.6
4.7 87.1 14.3
16.6 77.8 6.2
38.8 51.6 7.6
8.3 74.3 9.5
5.6 99.3 12.2
8.8 61.2 6.7
23.2 70.3 14.6
11.7 95.0 5.5
39.6 82.8 7.8
32.5 80.3 11.8
39.5 75.3 10.6
12.8 87.0 11.3
11.7 63.9 5.6
47.3 58.9 10.6
22.0 74.4 10.1
31.5 53.3 13.1
38.3 94.7 8.4
22.2 78.4 6.1
23.5 87.3 9.1
40.4 71.0 12.4
2.4 81.1 14.8
21.3 90.6 5.9
25.4 61.9 8.5
48.6 59.6 14.2
3.9 75.7 6.8
33.4 96.7 13.8
30.8 87.6 10.9
4.7 91.6 9.5
39.7 80.6 12.6
27.0 51.3 5.8
41.1 58.4 5.4
10.7 67.9 8.1
26.5 74.0 13.2
34.5 78.9 9.2
39.3 69.0 14.5
15.2 58.9 13.7
49.6 55.9 9.9
45.4 62.6 8.2
27.0 94.7 9.6
26.5 81.5 5.5
1.7 77.6 9.7
13.5 91.6 14.2
41.0 87.7 6.7
14.8 63.4 9.1
44.2 99.0 14.8
7.1 78.6 13.4
45.6 93.4 11.0
43.7 66.5 10.8
5.4 89.7 5.8
8.2 82.6 13.1
25.0 65.6 11.0
49.4 67.8 7.8
49.1 66.7 12.8
38.2 98.1 5.8
25.1 87.0 10.0
9.6 72.5 9.4
25.1 85.6 14.0
17.8 96.9 13.4
16.1 73.4 7.8
18.6 55.7 10.5
38.3 77.9 8.1
37.4 83.3 12.9
26.4 66.6 8.2
12.0 58.6 12.5
46.7 50.8 6.9
45.8 98.3 12.3
20.0 95.7 5.8
7.1 85.4 14.3
24.0 92.7 6.8
34.6 84.5 10.8
16.0 62.0 9.6
1.7 76.0 7.0
48.5 50.4 5.5
24.0 97.0 10.6
24.4 76.4 13.8
48.4 51.5 5.9
3.5 71.7 10.6
30.1 71.2 5.2
45.4 53.9 14.7
46.3 57.2 12.7
0.7 79.3 9.1
17.3 84.2 11.5
7.0 96.2 5.2
18.4 51.0 11.7
12.2 68.2 12.3
16.0 69.4 9.3
37.7 65.8 14.0
15.0 60.5 14.6
21.9 94.8 6.2
10.9 72.2 7.1
49.4 81.1 12.3
11.8 57.3 13.7
32.8 99.5 12.0
28.2 55.3 7.4
28.4 88.8 14.0
44.9 72.1 12.6
40.8 78.9 6.2
27.7 91.5 9.8
6.8 91.5 13.0
48.3 99.2 11.6
10.5 51.5 5.2
29.4 54.6 5.2
14.6 86.4 13.9
38.5 63.2 6.8
15.2 83.1 13.6
27.5 93.1 10.5
34.6 93.7 8.1
10.9 96.9 11.7
25.0 63.5 11.7
24.4 99.3 5.9
9.1 81.1 13.6
42.4 53.9 9.0
6.6 53.7 11.6
37.0 58.3 13.8
21.2 61.7 9.7
15.4 53.9 11.7
18.1 93.8 5.9
5.7 89.3 13.3
0.9 72.4 13.4
7.2 83.9 11.0
11.4 89.1 9.2
11.5 63.7 7.9
26.5 60.7 11.7
10.6 55.2 11.3
28.0 68.1 8.1
30.2 61.7 10.3
22.8 85.6 14.1
28.7 87.8 8.2
48.1 77.3 7.2
27.8 53.2 12.2
27.2 61.8 10.6
10.6 71.9 10.2
30.1 57.4 7.7
28.5 64.6 13.9
24.0 52.0 9.2
20.6 78.9 10.6
0.9 65.6 7.4
8.1 65.7 10.1
18.4 87.6 8.2
7.6 71.8 10.9
33.1 88.5 7.0
43.9 89.3 7.1
0.3 70.8 7.8
17.7 87.0 9.3
19.5 61.1 12.0
25.1 69.2 8.8
20.8 90.0 5.2
16.1 86.6 9.1
32.0 84.9 6.2
3.4 56.6 5.9
29.1 51.4 9.0
11.5 54.4 9.1
24.9 62.5 14.3
38.7 51.7 5.1
44.6 57.7 6.1
49.0 84.9 9.6
18.0 89.5 10.4
19.9 61.1 13.7
11.7 87.8 7.5
15.8 86.7 8.3
22.3 73.2 11.1
14.1 67.3 6.8
10.2 56.9 5.6
23.8 51.8 8.4
42.8 67.9 7.2
25.8 70.5 10.9
21.8 63.6 10.4
14.7 60.7 13.6
19.1 95.7 6.0
19.9 89.5 11.9
23.8 51.1 5.9
1.3 74.9 11.5
41.2 94.0 5.6
37.4 82.0 11.9
9.8 88.8 5.3
40.8 88.0 11.9
49.9 57.2 14.2
9.6 70.3 12.2
10.4 54.1 5.4
4.3 85.6 9.5
8.7 65.6 6.3
0.7 84.2 6.9
13.1 67.4 9.5
35.8 85.5 8.5
7.6 66.4 8.0
32.0 55.5 14.5
2.8 62.9 8.8
18.8 58.3 8.8
35.5 52.1 13.4
18.9 76.3 11.6
24.0 96.4 11.1
41.0 51.3 10.9
30.8 51.2 14.5
24.6 56.6 7.5
36.3 72.8 8.2
25.4 63.9 9.0
47.4 73.5 7.0
10.5 92.1 11.8
12.2 96.0 9.9
20.1 97.9 9.6
46.9 78.9 13.5
37.6 78.5 5.1
0.5 72.6 5.6
12.7 81.4 6.0
1.9 59.8 7.2
49.2 81.9 14.9
4.5 71.6 11.7
13.2 90.3 14.4
22.5 55.9 7.4
38.9 53.8 5.9
46.6 72.6 6.7
21.3 64.3 12.5
41.5 92.6 9.7
34.4 99.0 7.6
20.6 55.7 11.3
21.1 92.1 7.6
19.0 60.2 12.2
0.9 83.4 8.6
1.5 62.3 5.5
19.6 64.1 13.4
2.9 77.4 11.7
44.0 93.8 9.5
15.1 82.9 9.3
22.1 65.7 13.1
5.3 54.0 9.3
18.0 82.9 14.5
37.7 50.5 11.1
10.8 59.7 8.5
32.2 97.5 10.5
17.0 63.4 13.7
25.8 94.6 8.2
19.3 81.1 11.8
25.8 78.4 9.3
5.9 85.4 5.6
49.8 85.9 14.6
20.4 93.3 10.8
6.7 98.7 11.7
18.8 57.8 12.6
28.0 75.5 10.6
18.9 78.8 13.3
25.9 78.7 6.3
31.7 51.3 8.6
37.2 59.3 8.2
16.4 62.3 11.7
13.1 55.7 9.9
36.8 92.0 10.9
45.4 71.6 8.7
41.0 90.6 14.0
32.5 61.3 14.1
25.5 83.0 6.5
42.7 87.3 14.9
9.0 67.3 11.7
31.1 69.4 10.4
7.6 64.5 14.5
16.9 89.1 14.8
9.9 65.5 10.9
41.4 82.1 12.9
23.1 97.2 14.9
47.9 76.6 9.9
33.0 67.1 7.5
24.2 96.0 11.6
25.3 82.5 5.2
20.1 74.8 13.3
27.2 52.5 12.3
11.3 65.4 8.4
40.0 52.4 5.4
24.5 69.9 12.9
10.8 88.9 6.3
36.4 56.2 9.1
31.3 92.6 12.6
0.7 77.5 13.4
25.2 89.8 14.4
12.9 54.8 10.8
27.0 83.2 5.5
41.6 73.4 12.0
46.7 95.8 15.0
45.2 77.3 11.0
35.3 68.2 11.4
8.2 90.8 13.7
2.0 99.1 14.5
35.5 94.7 6.0
6.2 90.8 13.7
30.1 64.7 8.4
2.1 59.6 6.2
20.3 65.2 14.8
17.1 53.2 5.1
37.8 77.0 7.9
37.7 87.8 9.5
49.0 93.7 7.7
39.0 89.6 12.0
2.4 82.8 13.0
3.2 90.6 11.0
39.6 57.8 14.4
10.3 61.4 6.7
28.9 72.6 11.3
41.7 56.1 12.2
22.8 68.9 10.8
25.5 60.4 13.7
28.9 99.1 13.4
28.1 73.2 7.1
10.6 60.7 9.9
16.8 83.1 14.4
19.3 74.9 9.2
31.7 61.3 12.3
0.1 71.4 6.1
34.1 59.0 8.4
20.9 69.2 12.9
27.0 57.8 13.9
48.4 62.9 7.4
2.7 96.9 14.9
6.2 59.3 6.2
43.4 87.2 14.6
29.5 93.1 5.9
13.5 82.2 12.5
18.7 66.3 10.5
22.1 59.4 13.4
9.8 84.3 10.5
25.6 88.7 11.5
12.9 78.9 6.4
21.7 71.5 13.3
1.8 54.8 11.7
35.3 89.2 5.9
37.7 96.3 11.8
40.0 61.6 7.5
33.7 54.7 13.5
42.7 76.3 9.8
12.6 94.2 5.9
43.6 87.3 11.9
44.0 75.6 12.1
18.1 79.6 5.8
19.1 93.2 11.9
24.2 77.7 11.7
38.1 73.3 5.1
0.8 90.1 9.0
7.0 85.1 5.1
21.2 82.8 10.8
18.6 73.5 12.7
32.6 77.5 5.7
37.6 96.5 8.7
30.0 67.7 14.5
22.6 50.5 13.5
7.1 61.2 9.1
13.0 93.6 13.9
37.3 76.2 9.3
30.3 97.3 6.8
38.5 72.0 11.5
15.4 59.6 8.1
49.9 61.3 14.1
27.9 79.6 13.5
31.0 64.2 5.4
3.9 97.5 6.5
11.2 56.8 5.4
37.8 89.2 8.0
1.7 64.1 13.2
42.5 89.3 10.3
20.0 87.6 10.2
0.9 91.3 13.6
38.1 67.4 8.0
8.2 66.0 8.7
46.3 92.9 10.7
22.4 80.0 12.9
43.9 69.1 13.6
2.5 67.0 6.8
8.9 60.6 12.7
16.8 88.1 5.6
4.2 88.8 8.7
13.8 96.0 5.9
9.1 95.6 12.8
13.1 63.9 6.4
22.6 76.2 12.1
5.9 50.3 9.7
36.4 71.5 6.6
6.7 60.9 14.5
11.9 58.3 13.2
28.9 80.2 12.3
38.6 88.7 12.5
17.5 55.7 7.2
42.4 63.9 5.9
28.4 57.1 11.2
24.1 86.9 12.8
42.0 86.2 10.1
27.0 86.4 10.1
48.8 55.8 11.7
37.8 85.7 8.3
8.8 78.8 5.0
48.3 71.5 7.2
6.4 79.7 5.3
27.8 52.9 5.8
24.5 54.8 9.8
7.6 89.0 6.2
29.3 84.8 9.2
46.3 71.5 7.0
19.9 84.6 9.3
49.4 77.1 5.8
38.2 80.9 9.4
49.9 56.4 6.9
33.5 81.8 13.0
43.1 68.1 7.7
16.2 65.7 14.1
43.7 92.1 10.1
42.7 53.1 8.4
24.1 81.9 9.1
41.5 71.1 9.2
34.2 91.7 14.1
28.5 98.1 5.4
25.8 99.6 7.8
30.9 76.2 14.8
35.0 99.1 6.9
34.8 74.6 10.7
6.8 50.5 7.8
17.6 66.9 12.6
41.3 83.9 8.3
8.4 72.5 6.7
2.3 76.7 10.5
12.5 97.1 13.7
16.3 51.6 13.4
30.8 62.9 6.7
5.5 57.6 7.5
21.1 80.4 6.5
5.5 68.3 5.5
26.9 65.4 7.6
7.5 59.4 10.9
16.0 67.8 14.5
22.5 73.2 8.2
12.1 99.6 12.8
1.3 91.0 7.5
36.8 90.5 14.0
22.6 76.4 5.1
14.2 64.1 8.8
29.0 81.1 11.7
17.1 72.7 10.2
6.1 66.7 13.8
30.4 59.6 5.2
27.8 60.5 14.9
11.7 94.5 13.4
19.8 77.4 5.2
5.1 98.6 12.0
2.9 60.4 5.2
22.2 58.8 12.4
47.2 83.2 14.6
40.0 68.2 6.4
33.5 63.8 5.4
44.3 92.2 7.8
5.9 76.9 13.5
22.8 89.4 10.5
41.1 70.0 12.9
36.1 85.1 11.6
44.2 99.4 11.2
34.0 88.9 12.1
24.1 58.0 10.4
29.7 99.9 6.4
3.1 71.3 14.2
19.7 76.1 12.5
39.7 61.1 10.2
35.1 52.5 9.7
37.0 99.7 10.8
38.9 92.8 9.9
36.6 87.1 10.4
10.5 96.7 7.4
10.2 58.4 12.0
24.0 77.2 5.3
18.7 95.1 7.7
46.1 65.7 12.5
10.2 65.1 13.7
13.3 59.5 8.4
44.6 66.8 13.8
35.3 51.5 11.1
47.0 54.3 11.9
42.4 81.6 10.0
42.5 80.2 9.3
32.9 75.6 14.1
28.3 68.5 6.6
5.0 58.3 8.6
44.9 74.7 13.7
21.6 81.5 5.0
29.9 67.1 5.1
19.6 70.8 8.4
22.8 65.6 5.4
37.7 53.5 12.8
1.8 75.9 11.2
12.5 61.8 5.7
25.0 96.8 8.9
26.6 91.6 10.4
28.4 75.8 11.0
3.4 72.7 10.8
1.1 90.6 13.6
29.7 96.5 7.7
34.5 54.1 10.4
4.2 90.3 12.8
12.7 80.7 12.6
23.2 95.7 9.5
3.7 66.7 6.6
16.8 96.6 14.7
14.2 91.3 14.6
9.4 63.8 6.9
2.8 84.7 9.1
42.5 86.8 5.4
5.6 94.7 7.2
32.7 68.4 14.0
27.6 74.6 10.4
35.6 99.5 5.6
39.4 62.6 5.4
19.4 94.5 6.6
14.8 83.9 13.0
15.7 74.6 7.1
33.3 93.0 14.3
14.0 78.7 5.6
33.4 81.9 14.0
22.4 83.3 8.1
22.1 76.7 7.5
11.5 56.8 12.1
2.2 79.0 12.2
24.4 94.7 7.2
49.7 87.7 12.2
8.1 54.7 6.6
47.3 72.3 9.3
17.7 73.7 8.6
34.0 58.3 12.3
19.6 78.0 9.1
42.7 91.3 11.6
25.9 75.5 8.8
7.3 76.5 9.1
40.0 79.1 12.7
2.1 92.2 11.8
36.0 80.2 9.8
12.9 64.9 12.8
39.6 56.4 7.4
13.2 74.4 8.1
33.3 83.5 8.3
12.4 77.2 12.6
26.0 66.8 6.8
31.2 67.2 10.9
18.8 87.1 5.5
33.4 74.9 10.6
15.0 53.8 14.6
25.4 60.0 13.1
22.1 54.7 6.8
11.7 67.8 5.2
37.6 73.1 13.5
44.0 75.6 5.4
44.1 76.3 7.3
9.1 80.8 10.2
28.6 69.3 12.3
41.4 58.5 11.7
42.0 58.2 11.7
9.7 83.0 6.4
22.0 83.3 5.9
33.1 77.9 6.2
41.3 80.6 12.7
26.1 88.8 9.1
1.3 95.3 12.4
21.8 67.5 8.2
36.1 90.0 10.4
18.4 67.9 11.3
27.9 83.7 12.5
12.1 52.4 14.7
13.7 68.9 13.4
7.6 75.4 14.0
46.1 53.3 5.6
4.0 84.7 7.9
14.9 99.1 15.0
36.8 86.5 14.4
38.5 63.7 6.6
35.1 87.3 7.7
15.3 62.4 6.2
9.8 99.0 13.3
29.2 61.9 10.4
12.0 78.9 15.0
38.2 94.0 7.9
13.1 87.1 11.1
10.1 99.1 5.4
47.5 78.9 8.2
36.2 82.2 14.3
49.1 69.1 6.4
36.6 86.1 14.0
48.1 65.7 6.4
1.7 80.9 9.4
37.1 74.5 14.1
17.5 67.1 12.0
17.1 86.2 13.0
42.0 77.5 10.1
10.2 70.9 8.4
47.7 67.1 13.9
15.2 90.6 12.8
30.8 83.0 5.6
14.2 87.6 6.9
5.3 91.7 7.2
48.0 91.3 6.3
21.1 86.3 9.0
36.3 96.1 11.7
14.7 84.3 11.0
20.1 67.6 14.8
30.8 91.1 8.4
20.9 83.5 13.4
45.3 71.2 13.7
24.6 66.9 9.0
37.4 75.9 5.1
49.4 80.4 13.6
48.2 97.8 14.2
9.2 74.3 6.0
42.2 95.6 6.2
41.1 78.1 13.2
0.6 86.6 11.1
37.1 99.2 5.5
39.6 65.9 7.5
2.9 97.2 10.1
9.4 72.2 5.6
33.9 53.4 12.3
3.7 99.2 6.2
34.1 92.8 14.3
45.6 90.9 11.5
38.4 67.4 5.2
26.5 81.6 7.9
14.8 57.2 5.8
8.2 82.4 7.6
48.7 70.2 7.4
20.3 61.5 7.8
33.4 57.2 10.6
42.3 80.6 7.6
32.2 79.5 11.7
18.6 89.0 10.1
32.3 64.5 10.9
7.7 100.0 11.0
39.7 76.7 14.1
38.2 74.8 6.9
27.0 68.5 6.9
23.3 97.0 11.1
42.6 64.5 7.5
36.4 61.1 9.5
27.9 79.0 13.2
34.9 60.5 14.0
34.4 81.4 12.5
26.2 70.4 12.5
19.3 57.0 9.4
30.0 60.7 12.8
14.1 70.3 14.5
34.2 75.5 5.6
26.4 84.6 7.1
47.9 63.1 13.3
43.1 75.9 14.2
12.5 57.1 13.0
23.3 57.5 12.8
8.6 85.1 13.7
43.9 68.3 12.1
40.7 92.6 13.9
13.2 64.6 9.0
9.0 50.6 5.6
31.3 67.2 12.8
28.6 90.5 5.3
34.8 87.4 13.4
10.4 73.1 7.6
44.9 64.2 10.3
5.7 66.2 10.6
24.3 82.3 8.3
14.1 70.8 10.6
23.5 67.2 10.2
8.8 73.2 14.2
38.1 80.8 9.0
0.4 94.0 14.5
40.0 65.2 9.4
2.8 84.2 7.2
16.6 68.5 5.3
28.6 69.6 5.6
37.9 87.1 9.9
46.6 87.3 13.0
42.0 79.1 13.9
20.7 91.8 5.9
37.5 52.7 6.5
39.0 91.5 7.7
20.9 64.8 14.9
29.2 64.7 11.1
2.9 89.2 6.0
6.8 56.9 6.1
47.6 77.5 11.7
10.5 75.0 11.0
38.4 62.2 7.3
19.7 93.2 6.0
24.5 73.8 6.8
2.6 51.2 7.4
4.6 94.3 8.9
44.1 92.6 12.3
47.8 78.0 13.0
32.7 87.4 13.9
23.9 69.1 5.2
20.7 90.0 14.8
36.2 65.0 11.9
49.4 87.8 12.7
15.0 95.8 6.6
27.9 67.3 9.1
7.1 98.6 10.1
6.6 60.2 12.4
25.3 80.5 5.4
16.0 94.3 6.2
32.1 86.8 14.6
45.1 64.8 12.7
2.7 79.7 12.6
23.4 72.9 9.2
23.3 88.7 7.6
46.5 95.7 8.4
24.2 83.3 6.7
11.8 77.5 13.3
33.1 85.5 12.3
7.2 53.0 10.9
23.4 50.8 10.8
28.9 58.1 7.1
20.3 50.6 9.9
6.9 81.6 8.2
34.3 99.0 8.4
37.3 98.8 12.2
12.8 79.9 9.9
18.3 84.1 10.7
43.0 65.5 14.8
19.1 98.3 7.7
21.9 68.0 13.4
34.0 86.8 5.9
15.0 94.5 13.7
41.2 65.4 7.2
37.3 92.3 11.4
5.7 62.2 8.1
40.7 70.8 5.7
45.3 95.8 6.1
7.5 89.4 7.3
23.1 89.3 6.4
15.1 98.6 10.0
44.5 73.2 5.0
36.2 85.9 7.6
27.0 56.2 6.6
44.6 99.1 14.3
41.3 61.5 8.2
48.2 69.1 8.1
32.9 83.5 11.1
48.7 75.7 14.6
49.8 79.8 11.9
4.9 58.4 9.8
12.2 74.5 12.3
47.3 69.7 10.4
35.5 78.5 13.0
24.9 63.7 12.6
4.9 70.9 13.2
2.1 55.2 6.9
6.8 57.8 11.3
37.6 91.7 10.3
11.8 69.7 10.8
3.7 96.6 8.6
19.9 96.1 6.3
26.9 85.1 5.5
40.4 80.2 5.8
21.7 67.2 7.3
33.8 80.1 12.7
42.2 57.8 8.1
